Number	Label	"Betweenness centrality in N12 (319)"
1	1	6.1978491E-4
2	2	0.003294074
3	4	0.002581091
4	5	0.006448497
5	7	0.012906351
6	8	0.003628270
7	11	0.009471699
8	16	0.007931521
9	17	0.009639246
10	18	0.005245648
11	20	7.8144916E-4
12	23	0.005292948
13	24	0.002355552
14	25	0.010353858
15	26	8.7297167E-4
16	28	0.001581107
17	29	9.4552421E-4
18	35	0.001384379
19	36	0.002619949
20	38	0.015019276
21	44	0.006086058
22	47	0.006983736
23	48	0.005002017
24	49	0.002100125
25	51	0.005894692
26	52	0.005023202
27	56	0.002110599
28	57	0.005271740
29	59	0.002929749
30	60	0.002948900
31	61	8.3167072E-4
32	62	0.006532878
33	63	0.002921511
34	65	0.005809532
35	70	0.008447238
36	75	0.003751381
37	76	0.003885383
38	78	0.003590077
39	80	0.001921607
40	81	0.006247025
41	82	0.001201097
42	83	0.001696847
43	84	0.008926003
44	86	0.003013071
45	87	0.005457701
46	91	7.0870385E-4
47	93	0.005542923
48	94	0.001219593
49	95	0.001622882
50	98	0.009654571
51	103	0.002022023
52	105	0.003909604
53	106	0.001244260
54	107	0.006047052
55	108	0.004065849
56	109	0.001307019
57	111	3.4038050E-4
58	113	0.006782494
59	118	0.002554367
60	119	3.8141929E-4
61	120	0.001673252
62	121	0.014882469
63	123	0.001613180
64	124	0.004447594
65	127	5.0821639E-4
66	133	0.003670835
67	137	0.006334150
68	138	7.2519314E-4
69	139	0
70	141	0.002861153
71	143	4.8035693E-5
72	148	0.006433831
73	155	0.003810294
74	156	0.001838947
75	157	0.002698420
76	158	0.008529319
77	164	0.004223984
78	166	2.3272625E-4
79	167	0.006413730
80	168	0.003376627
81	169	0.002093060
82	170	0.001675760
83	171	0.003712168
84	172	0.001032789
85	174	0.002697179
86	175	5.3603124E-4
87	176	9.7044750E-4
88	177	0.004991736
89	178	0.001442648
90	180	0.006028574
91	181	0.002193302
92	184	0.004096321
93	189	5.6209180E-4
94	191	0.001774617
95	193	0.004228902
96	194	0.001663900
97	196	0.003231757
98	197	0.015692983
99	199	0.001935924
100	200	0
101	202	0.016557951
102	204	0.001614979
103	209	0.001511350
104	211	0.003886444
105	213	0.001543210
106	214	0.004468044
107	216	2.9911060E-4
108	217	0.013807949
109	218	0.006967586
110	219	0.005997494
111	220	0.010464133
112	222	0.005672663
113	223	0.005086577
114	226	0.006549591
115	228	0.002051581
116	230	0.019529653
117	231	0.006433420
118	232	0.010321032
119	234	0.008656806
120	237	0.011463175
121	238	0.004147507
122	239	0.006741664
123	241	6.7550184E-4
124	249	8.8072064E-4
125	250	0.001955659
126	254	3.8657832E-4
127	256	5.2644489E-4
128	259	0.002472756
129	260	0.004810742
130	262	0.003636144
131	264	0.003362814
132	265	0.001566641
133	270	0.002185431
134	272	0.006068220
135	273	4.7222456E-4
136	276	0.014700627
137	277	0.008553436
138	283	0.002108152
139	287	0.005790730
140	288	0.002001137
141	289	0.004242934
142	290	0.001463681
143	293	0.001567960
144	295	0.004985755
145	296	0.003504601
146	297	0.007814220
147	299	0.003215166
148	300	2.9593917E-4
149	302	0.002646558
150	306	0.001502395
151	307	9.9783706E-4
152	309	0.006771783
153	310	2.5706952E-4
154	311	0.001068425
155	315	0.004318910
156	317	5.5251583E-4
157	319	1.6727343E-5
158	325	0.001275240
159	326	6.6549808E-4
160	328	0.009971319
161	329	0.001957202
162	330	0.021231083
163	332	0.006182927
164	334	0.006421990
165	337	8.5527289E-4
166	340	0.001268267
167	341	0.001587744
168	343	9.2791858E-4
169	344	0.003636500
170	345	0.004086417
171	346	0.008579548
172	347	0.007182973
173	349	9.5902163E-4
174	350	0.010840924
175	352	0.003200252
176	358	0.003366359
177	361	8.6706377E-4
178	365	0.003244323
179	366	0.001746647
180	367	0.001661654
181	368	0.004449082
182	369	6.9589607E-4
183	371	0.004149624
184	372	2.3685171E-4
185	375	0.003179412
186	376	4.9013708E-4
187	377	0.002295587
188	378	4.2148725E-4
189	379	0.004444493
190	381	0.002782633
191	382	6.6198104E-4
192	383	0.002489768
193	384	1.2579441E-4
194	386	0.004374841
195	388	0.001411307
196	389	0.001672842
197	394	0.003340105
198	395	5.8700474E-4
199	396	0.002532875
200	397	0.005228345
201	399	0.007811608
202	400	0.006581649
203	401	0.006334380
204	402	0.007877458
205	406	0.001974110
206	407	0.004033950
207	408	0.001607647
208	411	7.3991941E-4
209	414	0.009006035
210	418	0.013796337
211	420	0.004126294
212	421	0.008853284
213	425	0.004982057
214	431	0.011976281
215	432	0.003542357
216	437	0.002047367
217	438	0.001190008
218	440	9.9716646E-6
219	446	0.003437510
220	447	0.002610966
221	450	0.003326387
222	452	0.009401710
223	453	0.002091750
224	454	0.003850532
225	456	0.002178720
226	457	0.001995868
227	458	0.004149294
228	459	0.005916991
229	462	0.005861897
230	464	0.004755848
231	465	0.007938136
232	466	0.004196373
233	467	0.001748539
234	469	5.1722231E-4
235	473	0.003685579
236	475	0.003901605
237	476	0.002759718
238	480	0.001637023
239	482	0.013017261
240	488	0.007135900
241	489	3.4991654E-4
242	491	0.007794751
243	492	0.002887459
244	493	0.001920088
245	494	0.010130284
246	496	0.007708017
247	497	0.002085224
248	500	0.014866257
249	501	0.010293872
250	503	0.001752710
251	504	0.004759168
252	507	0.003279411
253	509	0.001848128
254	511	0.001854923
255	512	0.002113539
256	514	0.003605493
257	516	0.009650580
258	520	0
259	521	0.007559483
260	523	0.012321909
261	527	0.001400341
262	531	0.001363307
263	532	0.004648389
264	534	0.001545590
265	535	1.4703230E-4
266	536	0.002104710
267	537	7.9590579E-5
268	538	9.1455971E-4
269	539	0.003151083
270	540	2.0091470E-4
271	542	5.0198152E-4
272	544	0.011063547
273	545	0.003119015
274	551	0.001265545
275	552	0.006967066
276	553	0.002862067
277	556	0.002166899
278	559	0.008214389
279	561	0.006729494
280	562	0.001784012
281	563	0.003873275
282	565	0.007544563
283	567	0.001405763
284	569	0.005340337
285	570	0.002109334
286	571	0.003208396
287	577	0.002711743
288	578	0.005440954
289	579	0.008144703
290	580	0.011963527
291	581	0.001771806
292	582	0.001515777
293	583	0.001404782
294	586	7.0025296E-4
295	590	0.010317560
296	593	7.0859539E-4
297	597	0.001081164
298	598	0.003535143
299	599	0.003268876
300	601	9.4208663E-4
301	606	0.001877521
302	610	0.001050612
303	611	0.004236363
304	614	0.008705566
305	615	6.5666640E-4
306	616	0.001413722
307	617	0.001159839
308	619	0.009468585
309	620	0.004157656
310	621	0.019073526
311	622	0.009044549
312	624	0.001290923
313	627	0.003125774
314	630	0.015263742
315	631	0.004295576
316	632	0.002040724
317	635	5.4042241E-4
318	636	0.001024749
319	637	0.003346588
