Number	Label	"Betweenness centrality in N3 (319)"
1	0	0.002692966
2	6	0.002138808
3	9	0.008458910
4	10	0.013162058
5	11	0.015215552
6	16	0.003970656
7	18	0.007079173
8	19	0.005019493
9	21	0.002864117
10	23	0.005115604
11	26	8.8466300E-4
12	33	4.1248946E-4
13	34	1.1587262E-4
14	35	8.8762576E-4
15	36	0.003429059
16	37	0.005637306
17	38	0.012033693
18	40	0.003003806
19	41	0.008603354
20	42	0.008915458
21	43	0.006080141
22	47	0.006418907
23	50	0.013197812
24	52	0.003111653
25	54	0.012175124
26	56	0.002150554
27	60	0.002378859
28	61	1.2813013E-4
29	62	0.002772174
30	64	0.004464440
31	67	3.2172092E-4
32	68	0.004658007
33	69	0.006099238
34	70	0.007951980
35	72	0.002335721
36	75	0.004076517
37	78	0.002005963
38	80	0.003909279
39	81	0.005898441
40	84	0.008327448
41	86	0.003883335
42	88	4.2860809E-4
43	94	0.001179049
44	95	0.001635853
45	96	0.005142788
46	97	0.009115394
47	99	0.008020985
48	100	0.002934175
49	103	0.004185796
50	104	0.006551068
51	107	0.009446959
52	108	0.002017036
53	111	0.001925709
54	112	0.002199733
55	114	0.003496464
56	116	0.001892366
57	121	0.011565840
58	122	0.004038793
59	123	0.002435995
60	126	0.005188114
61	130	0.006638491
62	135	0.009595904
63	136	1.2956769E-4
64	137	0.010222503
65	138	8.9853069E-4
66	144	0.002531255
67	145	0.001205932
68	148	0.009283760
69	151	0.003429354
70	152	8.6731396E-4
71	153	0.004000845
72	155	0.003183394
73	156	0.003610627
74	157	0.005706945
75	159	0.002858954
76	161	0.001023568
77	162	0.002264296
78	163	0.001220893
79	165	0.003976149
80	167	0.005457928
81	168	0.003272765
82	169	0.003095701
83	170	9.1165850E-4
84	172	0.002413731
85	174	0.001792199
86	177	0.004272497
87	179	3.5580825E-4
88	180	0.007991689
89	183	0.001077360
90	184	0.004532903
91	187	5.0045774E-4
92	191	0.004386345
93	194	0.001153167
94	197	0.008641074
95	200	8.9555687E-5
96	202	0.014118791
97	208	0.001889628
98	212	0.005977895
99	213	0.001397012
100	214	0.003786312
101	216	2.6840032E-4
102	220	0.008976762
103	221	0.004870505
104	224	0.009596092
105	225	0.001167021
106	227	0.001406991
107	229	0.001730874
108	230	0.018751978
109	231	0.006131135
110	232	0.009786424
111	235	0.012093738
112	237	0.009294158
113	239	0.003929852
114	241	4.2264296E-4
115	243	3.1822883E-4
116	246	0.003575377
117	247	0.003531901
118	249	0.001234651
119	250	0.003911457
120	253	0.002736714
121	256	3.8874510E-4
122	259	0.003933834
123	260	0.003729559
124	262	0.004778310
125	265	0.006201818
126	266	0.008377138
127	267	0.003106732
128	270	9.2215865E-4
129	272	0.004482187
130	273	1.6889758E-4
131	277	0.011333603
132	280	0.004228603
133	282	0.004838111
134	284	0.002379890
135	285	0.002363659
136	286	0.009555570
137	288	0.002889615
138	289	0.009007571
139	292	0.005144095
140	293	0.001917265
141	294	0.003961737
142	295	0.002819386
143	296	0.003973056
144	299	0.002500867
145	300	6.6569108E-4
146	301	0.003424189
147	302	0.003728480
148	303	0.005108117
149	305	0.002539269
150	306	0.001159199
151	309	0.007896829
152	310	1.5242227E-4
153	313	0.002132844
154	317	0.001232991
155	319	1.4030821E-4
156	321	0.002270455
157	323	0.002970327
158	324	0.003985642
159	326	0.003791250
160	327	0.003878034
161	328	0.011792052
162	331	0.008104464
163	336	2.2818670E-4
164	338	0.005674135
165	340	0.001838962
166	341	0.002120346
167	343	0.001179163
168	348	0.005148162
169	351	0.004859288
170	353	0.006869264
171	355	0.002236985
172	356	0.011052201
173	358	0.001436325
174	359	0.001043307
175	360	0.002075167
176	361	0.002959271
177	362	0.003865217
178	363	7.3814771E-4
179	365	0.004726202
180	366	0.001202115
181	368	0.005233715
182	369	0.005630254
183	372	2.5561139E-4
184	373	0.005518510
185	375	0.006318297
186	376	4.1234527E-4
187	377	0.004573643
188	379	0.004431220
189	382	0.001351435
190	383	0.004431605
191	384	2.0339877E-4
192	389	0.001550737
193	390	3.1483115E-4
194	391	0.005344855
195	394	5.8763783E-4
196	395	0.001289243
197	399	0.006411388
198	402	0.002100991
199	405	0.006608988
200	409	0.001221030
201	412	0.004496538
202	414	0.009658128
203	418	0.016012066
204	422	0
205	426	0.004179767
206	427	0.006462642
207	428	0.010382577
208	431	0.019369846
209	432	0.003330874
210	433	0.002779446
211	436	0.007767664
212	437	0.002205753
213	440	4.4766157E-5
214	441	0.002716172
215	444	0.004580790
216	446	0.004994021
217	447	0.001901541
218	449	8.7074953E-4
219	450	0.001992062
220	451	0.017337318
221	452	0.013814052
222	453	0.003546087
223	456	0.003212072
224	459	0.006168442
225	462	0.001778858
226	463	0.002953014
227	467	0.001144892
228	468	9.3118593E-4
229	471	1.4198786E-4
230	474	0.001371749
231	476	0.004793379
232	478	0.002050805
233	483	5.9300353E-4
234	484	6.0911584E-4
235	485	0.009084736
236	489	9.8953092E-4
237	490	0.002900864
238	493	0.002042396
239	495	0.006506207
240	497	0.005312540
241	498	0.001076981
242	501	0.004683445
243	502	0.002269784
244	503	0.005999348
245	505	0.015427156
246	506	0.002516878
247	510	0.013160732
248	516	0.004327219
249	517	0.003504653
250	518	8.1024908E-4
251	519	0.002235050
252	520	7.1628399E-5
253	523	0.009640911
254	524	5.7996966E-4
255	526	0.002947577
256	527	0.006351049
257	532	0.005062475
258	533	0.005652081
259	535	5.4263957E-5
260	537	0.001324336
261	538	1.7347563E-4
262	542	1.8695349E-4
263	543	0.012709815
264	544	0.009948717
265	547	0.003436934
266	548	0.002407353
267	549	0.012851487
268	551	0.001800659
269	553	0.006615829
270	556	0.005610466
271	561	0.006676776
272	563	0.005176552
273	566	0.012079169
274	567	0.001775056
275	571	0.002160856
276	572	0.004141906
277	573	8.2064179E-4
278	574	0.001462797
279	575	0.002121649
280	576	0.004637755
281	577	0.006855880
282	579	0.007460658
283	580	0.006988621
284	581	0.003513028
285	582	0.001096446
286	585	0.006098350
287	586	9.3589865E-4
288	587	8.3768344E-4
289	588	0.001850278
290	589	0.001568700
291	591	0.005819128
292	592	7.7446866E-4
293	593	0.001642991
294	594	0.006034782
295	595	0.003733991
296	597	0.001738346
297	598	0.004915885
298	599	0.004327736
299	601	0.001573701
300	602	0.005441656
301	605	0.007260988
302	606	0.001866747
303	610	0.004026619
304	611	0.005774325
305	616	0.002753410
306	617	9.8689391E-4
307	618	0.002376610
308	622	0.011146207
309	623	0.014114204
310	624	4.0041053E-4
311	625	0.001009326
312	626	0.003069291
313	627	0.003900638
314	628	0.003115395
315	629	0.014828799
316	633	0.004813400
317	634	0.002091723
318	636	0.001944108
319	637	0.003628216
