Number	Label	"Betweenness centrality in N7 (638)"
1	0	0.001067971
2	1	7.6431942E-4
3	2	9.2511826E-4
4	3	7.3134435E-4
5	4	0.001250245
6	5	0.002491696
7	6	0.001041233
8	7	0.004704771
9	8	0.001760115
10	9	0.003384408
11	10	0.003647148
12	11	0.005095265
13	12	0.001533566
14	13	0.003061221
15	14	0.002590818
16	15	0.001862014
17	16	0.004221116
18	17	0.005031267
19	18	0.002593111
20	19	0.002112010
21	20	5.4591440E-4
22	21	0.001285220
23	22	0.003020281
24	23	0.002697495
25	24	0.001686475
26	25	0.004428291
27	26	5.1088575E-4
28	27	5.9608217E-4
29	28	8.9620292E-4
30	29	8.6943327E-4
31	30	2.3360264E-4
32	31	8.8737628E-4
33	32	8.6446279E-4
34	33	2.0386875E-4
35	34	2.9923215E-4
36	35	4.4930082E-4
37	36	0.001600571
38	37	0.001846820
39	38	0.005806050
40	39	0.001044247
41	40	0.001640387
42	41	0.003967486
43	42	0.003849643
44	43	0.003518572
45	44	0.002590215
46	45	6.4845364E-4
47	46	0.001631277
48	47	0.002583146
49	48	0.002479045
50	49	0.001591381
51	50	0.007426553
52	51	0.002847441
53	52	0.001249218
54	53	0.001538570
55	54	0.004315948
56	55	5.7312108E-4
57	56	9.1851109E-4
58	57	0.002240366
59	58	3.8643892E-4
60	59	0.001156522
61	60	0.001097908
62	61	4.6430408E-4
63	62	0.002226167
64	63	0.001811316
65	64	0.001670317
66	65	0.004094040
67	66	5.4462517E-4
68	67	5.6174974E-4
69	68	0.001701058
70	69	0.003458782
71	70	0.004110162
72	71	0.001267008
73	72	0.001677959
74	73	0.003383736
75	74	6.8323925E-4
76	75	0.001284036
77	76	0.001597516
78	77	5.7498168E-4
79	78	0.001250153
80	79	6.1223337E-4
81	80	0.001202016
82	81	0.003096407
83	82	7.6697871E-4
84	83	0.001346012
85	84	0.003226323
86	85	3.0592888E-4
87	86	0.001940821
88	87	0.002479387
89	88	6.2812802E-4
90	89	0.001053139
91	90	0.001769967
92	91	0.001340290
93	92	5.8835555E-4
94	93	0.002450141
95	94	5.1279444E-4
96	95	0.001241939
97	96	0.001319032
98	97	0.005207169
99	98	0.003689148
100	99	0.003445443
101	100	0.001847505
102	101	4.7041108E-4
103	102	5.4843814E-4
104	103	0.001741044
105	104	0.002922790
106	105	0.003432435
107	106	6.2451092E-4
108	107	0.002580536
109	108	7.5218096E-4
110	109	3.5746489E-4
111	110	6.0383370E-4
112	111	2.6766919E-4
113	112	7.9375964E-4
114	113	0.001721780
115	114	0.001931690
116	115	7.2634277E-4
117	116	0.002574310
118	117	0.002119609
119	118	0.001130248
120	119	0.001412005
121	120	0.001121191
122	121	0.005939967
123	122	0.001306978
124	123	0.001313174
125	124	0.002634747
126	125	0.002472924
127	126	0.002355804
128	127	2.5625855E-4
129	128	0.001524620
130	129	0.002873811
131	130	0.002987432
132	131	0.001513265
133	132	0.001078286
134	133	0.001258487
135	134	0.002604145
136	135	0.005453578
137	136	2.5223860E-4
138	137	0.002827420
139	138	5.3685842E-4
140	139	2.3581980E-5
141	140	6.1307401E-4
142	141	0.001575282
143	142	0.001807129
144	143	5.5182034E-5
145	144	0.001308351
146	145	8.2485103E-4
147	146	8.3794184E-4
148	147	0.001379481
149	148	0.003723336
150	149	0.001365927
151	150	0.001425152
152	151	9.4895386E-4
153	152	4.8637953E-4
154	153	9.8426557E-4
155	154	0.005025762
156	155	0.001772111
157	156	0.001582011
158	157	0.001758643
159	158	0.004431383
160	159	9.8734933E-4
161	160	0.003827161
162	161	3.5042943E-4
163	162	0.001395393
164	163	5.0415848E-4
165	164	0.001978112
166	165	0.001039664
167	166	5.7810604E-4
168	167	0.002404578
169	168	0.001786581
170	169	0.001224367
171	170	4.1248076E-4
172	171	0.001086761
173	172	5.8255612E-4
174	173	0.003244291
175	174	0.001477327
176	175	6.2407899E-4
177	176	6.0828002E-4
178	177	0.001545843
179	178	0.001201097
180	179	2.2220131E-4
181	180	0.002960352
182	181	0.001424804
183	182	0.002671425
184	183	2.8975101E-4
185	184	0.001955454
186	185	3.6483573E-4
187	186	0.001748378
188	187	3.7119915E-4
189	188	5.6847830E-4
190	189	1.9333473E-4
191	190	8.8342394E-4
192	191	0.001240672
193	192	4.9336883E-4
194	193	0.002818061
195	194	0.001068267
196	195	0.001059771
197	196	0.002982572
198	197	0.006133553
199	198	4.3368289E-4
200	199	6.8869730E-4
201	200	1.2632624E-4
202	201	0.001846930
203	202	0.006300547
204	203	0.001423903
205	204	0.001026475
206	205	5.2134184E-4
207	206	0.001252425
208	207	0.002065845
209	208	6.8743177E-4
210	209	6.8089540E-4
211	210	0.003382990
212	211	0.001679996
213	212	0.002956649
214	213	4.3601622E-4
215	214	0.001768348
216	215	0.001369507
217	216	2.5838349E-4
218	217	0.005774223
219	218	0.003285438
220	219	0.002579496
221	220	0.004774446
222	221	0.002107648
223	222	0.001597349
224	223	0.002852119
225	224	0.002778968
226	225	9.9716949E-4
227	226	0.003729844
228	227	0.001159691
229	228	5.6222140E-4
230	229	6.6980578E-4
231	230	0.007731204
232	231	0.002937967
233	232	0.004301548
234	233	0.001535416
235	234	0.003114011
236	235	0.007442728
237	236	0.001622548
238	237	0.004626226
239	238	0.002957186
240	239	0.002680920
241	240	0.003055558
242	241	1.4653866E-4
243	242	0.001111655
244	243	6.6471863E-4
245	244	0.002445419
246	245	0.001284061
247	246	0.002353694
248	247	0.001918652
249	248	0.004580236
250	249	6.9221492E-4
251	250	0.001391868
252	251	5.5803159E-4
253	252	0.002445592
254	253	9.5107153E-4
255	254	2.9169495E-4
256	255	6.8511584E-4
257	256	1.9987477E-4
258	257	8.6374025E-4
259	258	6.4457710E-4
260	259	0.001553451
261	260	0.001427289
262	261	0.001006830
263	262	0.002057244
264	263	0.002441235
265	264	9.5160722E-4
266	265	0.001609995
267	266	0.003186307
268	267	9.4751080E-4
269	268	0.001516947
270	269	0.001222261
271	270	8.5821942E-4
272	271	0.001321482
273	272	0.003226696
274	273	2.6365142E-4
275	274	0.001774573
276	275	0.004982205
277	276	0.006280741
278	277	0.003930486
279	278	0.001296300
280	279	6.4759904E-4
281	280	0.001853472
282	281	0.001662909
283	282	0.001832297
284	283	0.001611371
285	284	0.001329810
286	285	8.2189339E-4
287	286	0.005737975
288	287	0.003135928
289	288	0.001419814
290	289	0.001998394
291	290	8.8147175E-4
292	291	0.003038950
293	292	0.002629363
294	293	4.2458965E-4
295	294	0.001694105
296	295	0.001878661
297	296	0.001492693
298	297	0.003987099
299	298	0.001368410
300	299	0.001414412
301	300	1.8141465E-4
302	301	0.001159483
303	302	0.001708864
304	303	0.001620581
305	304	3.2274356E-4
306	305	0.001141034
307	306	5.7660984E-4
308	307	5.5020231E-4
309	308	0.002484114
310	309	0.003165806
311	310	2.0697052E-4
312	311	4.8474758E-4
313	312	6.6864677E-4
314	313	0.001411352
315	314	4.0780738E-4
316	315	0.002148083
317	316	6.8439637E-4
318	317	5.5197077E-4
319	318	0.001073161
320	319	7.9173532E-5
321	320	8.8244652E-4
322	321	9.0207950E-4
323	322	0.002101346
324	323	0.001110162
325	324	0.001537852
326	325	6.2459044E-4
327	326	7.1249382E-4
328	327	0.001726412
329	328	0.005352334
330	329	0.001376923
331	330	0.009783596
332	331	0.003500668
333	332	0.004372206
334	333	0.002287016
335	334	0.002955829
336	335	0.002328082
337	336	3.1029068E-4
338	337	0.001154038
339	338	0.002137965
340	339	0.008064693
341	340	0.001029310
342	341	0.001264655
343	342	6.7806040E-4
344	343	3.1175947E-4
345	344	0.001712983
346	345	0.002929166
347	346	0.003732321
348	347	0.003160435
349	348	0.001615503
350	349	5.3140185E-4
351	350	0.005282429
352	351	0.002874304
353	352	9.9782040E-4
354	353	0.003141066
355	354	8.7957562E-4
356	355	0.001173071
357	356	0.005577006
358	357	9.1752016E-4
359	358	0.001670134
360	359	9.6742920E-4
361	360	7.9476173E-4
362	361	0.001728589
363	362	0.002612177
364	363	4.9785570E-4
365	364	0.001927703
366	365	0.002287814
367	366	2.6699760E-4
368	367	5.5041152E-4
369	368	0.001789335
370	369	0.002364607
371	370	3.6645811E-4
372	371	0.002019752
373	372	1.5635307E-4
374	373	0.001723955
375	374	9.5951594E-4
376	375	0.001800819
377	376	1.5325217E-4
378	377	9.4878535E-4
379	378	7.6813016E-4
380	379	0.001702355
381	380	2.6858064E-4
382	381	5.6640342E-4
383	382	4.9045199E-4
384	383	0.001527520
385	384	4.2183613E-5
386	385	0.001329502
387	386	0.001093975
388	387	0.001354751
389	388	5.6310088E-4
390	389	5.6895869E-4
391	390	1.5963569E-4
392	391	0.002119039
393	392	4.8744000E-4
394	393	8.8242063E-4
395	394	9.8206966E-4
396	395	4.7015416E-4
397	396	0.001881928
398	397	0.003604123
399	398	0.002197857
400	399	0.003150277
401	400	0.004672260
402	401	0.002226276
403	402	6.8505348E-4
404	403	0.002348196
405	404	0.001410004
406	405	0.002498352
407	406	0.001090059
408	407	0.002667451
409	408	8.5286975E-4
410	409	2.3868012E-4
411	410	0.001950422
412	411	0.001299188
413	412	0.002570235
414	413	7.9810796E-7
415	414	0.004023819
416	415	9.1278204E-4
417	416	0.007342110
418	417	9.5619185E-4
419	418	0.006863334
420	419	0.001044271
421	420	0.001907770
422	421	0.006085074
423	422	1.2710320E-4
424	423	0.001028767
425	424	0.001024018
426	425	0.001748744
427	426	0.001389533
428	427	0.002895689
429	428	0.004439131
430	429	9.6004311E-4
431	430	6.7310927E-4
432	431	0.007233386
433	432	0.001394848
434	433	7.4104294E-4
435	434	0.003095411
436	435	0.001049835
437	436	0.002139381
438	437	8.8164512E-4
439	438	0.001272007
440	439	9.3941047E-4
441	440	5.2626128E-5
442	441	0.001594261
443	442	8.5865073E-4
444	443	0.001511597
445	444	0.001245092
446	445	0.001603401
447	446	0.001949027
448	447	0.002168190
449	448	0.002369125
450	449	0.001593321
451	450	9.4361879E-4
452	451	0.006198411
453	452	0.004542331
454	453	0.001310848
455	454	0.002227933
456	455	8.5209132E-4
457	456	8.7873911E-4
458	457	0.001052929
459	458	0.001504343
460	459	0.002675557
461	460	3.4780743E-4
462	461	0.001745840
463	462	0.001881276
464	463	0.001630522
465	464	0.001268479
466	465	0.003043378
467	466	0.001572386
468	467	0.001018691
469	468	6.6855241E-4
470	469	3.1269247E-4
471	470	0.001199783
472	471	7.8476554E-4
473	472	0.001988530
474	473	0.001658641
475	474	9.2616458E-4
476	475	8.5509725E-4
477	476	0.001900818
478	477	0.003237037
479	478	6.2167094E-4
480	479	0.002025012
481	480	0.001166787
482	481	0.003310451
483	482	0.007779681
484	483	2.3183303E-4
485	484	2.2038188E-4
486	485	0.006372388
487	486	6.1646343E-4
488	487	0.001054571
489	488	0.004662355
490	489	3.8556389E-4
491	490	0.001476278
492	491	0.004706735
493	492	0.001348939
494	493	9.7159229E-4
495	494	0.005123977
496	495	0.006018295
497	496	0.005215013
498	497	0.002200620
499	498	0.001023195
500	499	0.001372653
501	500	0.006346657
502	501	0.004728853
503	502	0.001317740
504	503	0.002358810
505	504	0.002540091
506	505	0.005822746
507	506	0.001402997
508	507	0.002068708
509	508	0.004291879
510	509	0.001509939
511	510	0.006516043
512	511	0.001394921
513	512	4.8215915E-4
514	513	0.002744866
515	514	0.001809670
516	515	0.002207369
517	516	0.001902931
518	517	0.001529234
519	518	3.7692268E-4
520	519	0.001239400
521	520	3.5942954E-5
522	521	0.003245441
523	522	2.8409857E-4
524	523	0.002495698
525	524	2.4499345E-4
526	525	2.2306062E-4
527	526	7.9883180E-4
528	527	0.002008476
529	528	0.001879950
530	529	0.001057111
531	530	0.001179717
532	531	5.3952075E-4
533	532	0.001969987
534	533	6.8816342E-4
535	534	5.9045072E-4
536	535	5.6457174E-5
537	536	0.001191428
538	537	6.1412347E-4
539	538	9.2302685E-4
540	539	0.001993708
541	540	2.3824862E-4
542	541	2.2473908E-4
543	542	1.8218891E-4
544	543	0.003656010
545	544	0.005827897
546	545	0.002019230
547	546	0.008545753
548	547	0.001501110
549	548	9.2269596E-4
550	549	0.004744922
551	550	0.001902501
552	551	8.4809954E-4
553	552	0.003683407
554	553	0.001893389
555	554	0.002453071
556	555	0.003523470
557	556	0.001196555
558	557	0.003387029
559	558	0.001294152
560	559	0.004787706
561	560	0.003560226
562	561	0.002954337
563	562	0.001173499
564	563	0.002219130
565	564	0.003433582
566	565	0.002814376
567	566	0.005021995
568	567	6.3082166E-4
569	568	0.001195229
570	569	0.003190378
571	570	0.001484958
572	571	9.0308870E-4
573	572	0.001323570
574	573	7.7913770E-4
575	574	8.7225089E-4
576	575	9.4474154E-4
577	576	0.001766792
578	577	0.002279212
579	578	0.002347062
580	579	0.003091426
581	580	0.004489372
582	581	0.001419323
583	582	7.8880458E-4
584	583	6.2280328E-4
585	584	9.5758635E-4
586	585	0.001252615
587	586	4.5977386E-4
588	587	1.9910493E-4
589	588	0.001302914
590	589	6.4194446E-4
591	590	0.004042208
592	591	0.001835745
593	592	1.8973819E-4
594	593	6.4087045E-4
595	594	0.002865974
596	595	0.001057258
597	596	0.002042475
598	597	8.0060911E-4
599	598	0.001539918
600	599	9.6398466E-4
601	600	0.002355310
602	601	6.3785425E-4
603	602	0.002537211
604	603	0.001098424
605	604	0.002280796
606	605	0.003639281
607	606	7.2497397E-4
608	607	0.001036276
609	608	6.8065374E-4
610	609	0.001979463
611	610	0.001669145
612	611	0.002309016
613	612	0.001350690
614	613	6.6695451E-4
615	614	0.003340804
616	615	8.2429372E-4
617	616	8.7399148E-4
618	617	5.2223321E-4
619	618	0.001409701
620	619	0.002391415
621	620	0.002803969
622	621	0.009157737
623	622	0.004311935
624	623	0.005167074
625	624	7.6176322E-4
626	625	0.001187639
627	626	0.001373104
628	627	0.001708862
629	628	0.002817387
630	629	0.007857758
631	630	0.004814537
632	631	0.003029991
633	632	0.001260294
634	633	0.001849940
635	634	0.001579443
636	635	7.4967953E-4
637	636	4.1366009E-4
638	637	0.001462556
