Number	Label	"All Degree of N1 (638)"
1	0	32
2	1	26
3	2	38
4	3	37
5	4	29
6	5	58
7	6	88
8	7	124
9	8	29
10	9	57
11	10	54
12	11	59
13	12	44
14	13	49
15	14	50
16	15	36
17	16	124
18	17	49
19	18	86
20	19	109
21	20	73
22	21	37
23	22	62
24	23	47
25	24	31
26	25	54
27	26	20
28	27	35
29	28	27
30	29	40
31	30	30
32	31	42
33	32	31
34	33	37
35	34	29
36	35	56
37	36	49
38	37	108
39	38	149
40	39	73
41	40	78
42	41	114
43	42	120
44	43	123
45	44	126
46	45	76
47	46	90
48	47	43
49	48	51
50	49	34
51	50	85
52	51	54
53	52	25
54	53	31
55	54	47
56	55	25
57	56	25
58	57	57
59	58	15
60	59	32
61	60	43
62	61	21
63	62	96
64	63	66
65	64	56
66	65	91
67	66	42
68	67	41
69	68	75
70	69	92
71	70	115
72	71	41
73	72	37
74	73	102
75	74	34
76	75	58
77	76	80
78	77	26
79	78	45
80	79	60
81	80	67
82	81	53
83	82	26
84	83	43
85	84	47
86	85	16
87	86	54
88	87	79
89	88	54
90	89	51
91	90	42
92	91	39
93	92	34
94	93	81
95	94	55
96	95	60
97	96	48
98	97	119
99	98	82
100	99	56
101	100	120
102	101	19
103	102	23
104	103	63
105	104	89
106	105	56
107	106	23
108	107	48
109	108	24
110	109	23
111	110	24
112	111	20
113	112	29
114	113	54
115	114	49
116	115	33
117	116	82
118	117	45
119	118	81
120	119	39
121	120	60
122	121	141
123	122	55
124	123	36
125	124	112
126	125	94
127	126	115
128	127	29
129	128	98
130	129	90
131	130	115
132	131	85
133	132	25
134	133	50
135	134	55
136	135	121
137	136	20
138	137	49
139	138	28
140	139	8
141	140	45
142	141	39
143	142	46
144	143	23
145	144	47
146	145	36
147	146	26
148	147	26
149	148	41
150	149	48
151	150	37
152	151	29
153	152	34
154	153	47
155	154	108
156	155	43
157	156	38
158	157	47
159	158	64
160	159	40
161	160	74
162	161	20
163	162	37
164	163	29
165	164	38
166	165	36
167	166	22
168	167	77
169	168	30
170	169	39
171	170	14
172	171	18
173	172	19
174	173	41
175	174	29
176	175	16
177	176	12
178	177	23
179	178	20
180	179	12
181	180	38
182	181	37
183	182	37
184	183	13
185	184	60
186	185	41
187	186	108
188	187	16
189	188	25
190	189	14
191	190	22
192	191	29
193	192	47
194	193	115
195	194	66
196	195	51
197	196	52
198	197	97
199	198	17
200	199	19
201	200	9
202	201	38
203	202	129
204	203	57
205	204	44
206	205	21
207	206	49
208	207	39
209	208	69
210	209	21
211	210	26
212	211	80
213	212	56
214	213	47
215	214	46
216	215	30
217	216	13
218	217	69
219	218	51
220	219	59
221	220	71
222	221	51
223	222	47
224	223	66
225	224	45
226	225	26
227	226	49
228	227	22
229	228	77
230	229	38
231	230	164
232	231	128
233	232	92
234	233	78
235	234	54
236	235	160
237	236	57
238	237	135
239	238	94
240	239	53
241	240	74
242	241	27
243	242	53
244	243	42
245	244	63
246	245	54
247	246	49
248	247	41
249	248	73
250	249	34
251	250	43
252	251	35
253	252	80
254	253	74
255	254	31
256	255	34
257	256	19
258	257	44
259	258	57
260	259	91
261	260	71
262	261	73
263	262	81
264	263	100
265	264	50
266	265	48
267	266	74
268	267	77
269	268	95
270	269	82
271	270	59
272	271	81
273	272	53
274	273	35
275	274	57
276	275	124
277	276	64
278	277	93
279	278	71
280	279	72
281	280	73
282	281	92
283	282	74
284	283	59
285	284	78
286	285	87
287	286	131
288	287	53
289	288	61
290	289	61
291	290	45
292	291	102
293	292	97
294	293	35
295	294	39
296	295	43
297	296	100
298	297	54
299	298	94
300	299	38
301	300	35
302	301	43
303	302	58
304	303	107
305	304	58
306	305	59
307	306	22
308	307	21
309	308	100
310	309	106
311	310	19
312	311	25
313	312	27
314	313	37
315	314	25
316	315	37
317	316	19
318	317	27
319	318	26
320	319	13
321	320	31
322	321	19
323	322	29
324	323	24
325	324	30
326	325	12
327	326	14
328	327	119
329	328	150
330	329	94
331	330	179
332	331	122
333	332	86
334	333	89
335	334	121
336	335	61
337	336	37
338	337	47
339	338	48
340	339	69
341	340	55
342	341	50
343	342	32
344	343	35
345	344	115
346	345	111
347	346	140
348	347	93
349	348	70
350	349	56
351	350	151
352	351	102
353	352	94
354	353	126
355	354	64
356	355	49
357	356	153
358	357	95
359	358	86
360	359	59
361	360	65
362	361	62
363	362	100
364	363	28
365	364	79
366	365	113
367	366	23
368	367	60
369	368	105
370	369	69
371	370	66
372	371	80
373	372	49
374	373	81
375	374	91
376	375	85
377	376	42
378	377	79
379	378	29
380	379	54
381	380	38
382	381	48
383	382	19
384	383	86
385	384	34
386	385	76
387	386	35
388	387	66
389	388	15
390	389	19
391	390	8
392	391	61
393	392	51
394	393	77
395	394	59
396	395	51
397	396	84
398	397	136
399	398	105
400	399	114
401	400	151
402	401	107
403	402	49
404	403	106
405	404	80
406	405	118
407	406	76
408	407	117
409	408	62
410	409	40
411	410	109
412	411	74
413	412	106
414	413	4
415	414	91
416	415	51
417	416	163
418	417	33
419	418	142
420	419	71
421	420	63
422	421	142
423	422	10
424	423	44
425	424	18
426	425	46
427	426	23
428	427	60
429	428	61
430	429	26
431	430	56
432	431	77
433	432	43
434	433	45
435	434	72
436	435	30
437	436	84
438	437	21
439	438	41
440	439	39
441	440	15
442	441	28
443	442	31
444	443	38
445	444	52
446	445	35
447	446	52
448	447	78
449	448	46
450	449	31
451	450	69
452	451	53
453	452	124
454	453	82
455	454	49
456	455	94
457	456	36
458	457	72
459	458	60
460	459	58
461	460	42
462	461	44
463	462	64
464	463	81
465	464	44
466	465	124
467	466	40
468	467	31
469	468	19
470	469	15
471	470	29
472	471	23
473	472	90
474	473	99
475	474	73
476	475	85
477	476	75
478	477	110
479	478	61
480	479	100
481	480	85
482	481	143
483	482	172
484	483	36
485	484	26
486	485	161
487	486	50
488	487	63
489	488	147
490	489	39
491	490	37
492	491	150
493	492	57
494	493	75
495	494	152
496	495	115
497	496	147
498	497	101
499	498	33
500	499	27
501	500	123
502	501	79
503	502	88
504	503	70
505	504	77
506	505	98
507	506	70
508	507	79
509	508	57
510	509	72
511	510	105
512	511	80
513	512	17
514	513	99
515	514	41
516	515	39
517	516	32
518	517	27
519	518	13
520	519	35
521	520	7
522	521	65
523	522	19
524	523	38
525	524	13
526	525	11
527	526	20
528	527	48
529	528	51
530	529	27
531	530	21
532	531	21
533	532	95
534	533	9
535	534	14
536	535	7
537	536	77
538	537	18
539	538	26
540	539	54
541	540	17
542	541	11
543	542	11
544	543	51
545	544	68
546	545	46
547	546	66
548	547	41
549	548	35
550	549	83
551	550	39
552	551	54
553	552	59
554	553	53
555	554	41
556	555	57
557	556	32
558	557	62
559	558	36
560	559	67
561	560	51
562	561	44
563	562	44
564	563	52
565	564	65
566	565	46
567	566	56
568	567	25
569	568	37
570	569	48
571	570	47
572	571	30
573	572	37
574	573	27
575	574	36
576	575	30
577	576	47
578	577	52
579	578	43
580	579	49
581	580	84
582	581	36
583	582	28
584	583	16
585	584	22
586	585	30
587	586	15
588	587	24
589	588	27
590	589	24
591	590	91
592	591	47
593	592	13
594	593	29
595	594	35
596	595	22
597	596	48
598	597	53
599	598	69
600	599	65
601	600	62
602	601	49
603	602	77
604	603	50
605	604	74
606	605	65
607	606	50
608	607	68
609	608	45
610	609	41
611	610	60
612	611	70
613	612	76
614	613	42
615	614	94
616	615	53
617	616	47
618	617	35
619	618	45
620	619	72
621	620	72
622	621	136
623	622	140
624	623	115
625	624	45
626	625	54
627	626	24
628	627	34
629	628	101
630	629	143
631	630	129
632	631	69
633	632	35
634	633	43
635	634	28
636	635	41
637	636	19
638	637	46
